Fengyun-2D
1 29640U 06053A   23193.42992718 -.00000210  00000-0  00000+0 0  9998
2 29640   8.8955  48.2577 0012379  22.2917 184.8793  0.98195112 60480
Fengyun-2E
1 33463U 08066A   23192.79872394 -.00000212  00000-0  00000+0 0  9990
2 33463   6.7751  62.8350 0000301 222.6194  18.2458  1.00276098 53358
Fengyun-2F
1 38049U 12002A   23193.26194891 -.00000360  00000-0  00000+0 0  9996
2 38049   4.7489  76.4622 0004454  89.2832 330.2150  1.00260948 42150
Fengyun-2H
1 43491U 18050A   23192.71646911 -.00000126  00000-0  00000+0 0  9996
2 43491   2.1401  90.7692 0003461  74.3067 101.0533  1.00267218 18767
Fengyun-4A
1 41882U 16077A   23193.27742458 -.00000329  00000-0  00000+0 0  9995
2 41882   0.0563  54.6002 0003381 102.4236 337.3432  1.00266295 24247
Sentinel-3A
1 41335U 16011A   23193.75402901  .00000135  00000-0  73603-4 0  9993
2 41335  98.6205 260.4266 0001132  90.2046 269.9264 14.26737279385420
Sentinel-3B
1 43437U 18039A   23193.44646491  .00000125  00000-0  69804-4 0  9997
2 43437  98.6267 260.2012 0001339 109.1910 250.9415 14.26735174271445
Sentinel-6A
1 46984U 20086A   23193.74248695 -.00000026  00000-0  15046-3 0  9998
2 46984  66.0385 198.3768 0008102 269.2373  90.7714 12.80930418123354
Jason-1
1 26997U 01055A   23191.65150744 -.00000027  00000-0  14442-3 0  9990
2 26997  66.0388 154.1930 0006854 267.2497 266.5116 12.84023603 11164
Jason-2
1 33105U 08032A   23193.00144069 -.00000050  00000-0  47854-4 0  9995
2 33105  66.0395 143.2701 0008291 269.2151 167.9830 12.87661266705873
Jason-3
1 41240U 16002A   23193.46549627 -.00000035  00000-0  11102-3 0  9998
2 41240  66.0388 199.0134 0008227 269.5919  90.4153 12.80930539350001
SARAL
1 39086U 13009A   23193.80829648  .00000145  00000-0  69946-4 0  9990
2 39086  98.5481  18.7240 0001678 170.9859 189.1355 14.32232808542350
CryoSat-2
1 36508U 10013A   23192.85785596  .00000251  00000-0  61473-4 0  9990
2 36508  92.0192  18.3430 0004687  35.2444 324.9072 14.51908116702678
Haiyang-2A
1 37781U 11043A   23193.78258188  .00000013  00000-0  56451-4 0  9999
2 37781  99.3198 197.9370 0000331 110.8560 249.2627 13.78761016599422
TOPEX
1 22076U 92052A   23193.49592795 -.00000039  00000-0  96274-4 0  9998
2 22076  66.0381 196.6177 0007939 271.5349 262.8106 12.81051586446397